MaltheMCTS/Settings12_timeout/300: 60
MaltheMCTS/Settings12_timeout/50: 51.66666666666667
MaltheMCTS/Settings12_timeout/100: 38.333333333333336
